
0	0	0	0	0	0
0	0	0
1	1	0	1	1	0
1	1	0
2	2	1	2	3	1
2	2	1
4	4	2	4	5	2
4	4	2
6	7	3	6	7	3
6	6	4
9	10	5	9	10	5
9	9	5
13	14	7	12	14	7
12	13	8
18	19	10	17	20	10
17	19	11
25	27	13	24	29	14
24	26	15
33	37	18	32	39	19
32	35	21
44	50	24	42	52	25
43	48	28


1	1	1	1	1	1
1	1	1
4	4	2	4	5	2
4	4	3
7	8	4	7	9	4
7	8	5
12	13	7	11	14	7
12	13	8
18	20	10	17	22	10
18	19	12
25	28	14	25	31	15
25	28	17
37	42	21	36	45	21
38	41	24
53	58	28	51	62	29
53	57	33
69	76	36	67	81	38
68	75	44
91	100	47	87	105	50
90	97	58
114	127	60	110	134	63
113	124	73


3	3	1	2	3	1
3	3	2
7	7	4	7	9	4
7	7	4
13	14	8	13	17	8
14	14	9
22	23	13	22	27	13
22	24	15
33	36	19	32	41	19
33	36	22
46	50	27	45	57	27
47	50	30
66	73	38	64	81	38
66	72	43
86	96	49	84	106	50
86	94	56
114	128	65	111	141	66
114	126	74
146	163	82	142	178	84
146	161	95
186	209	104	180	226	106
185	206	120


4	4	2	4	5	2
4	4	2
11	11	6	11	14	7
11	11	7
20	22	12	20	26	12
21	22	13
34	36	20	33	42	20
34	36	22
50	54	29	49	63	30
51	54	33
71	75	41	70	88	41
71	75	46
96	103	55	93	118	56
96	102	62
127	136	72	123	155	73
127	136	82
165	180	94	161	203	95
165	178	106
208	228	118	202	255	120
208	226	134
265	289	149	257	320	151
264	285	170


6	6	3	6	7	3
6	6	4
14	14	8	14	17	8
14	14	9
26	26	16	26	32	16
26	27	17
42	43	25	41	51	25
42	43	28
64	67	38	62	78	39
64	67	42
90	94	53	88	110	54
90	95	59
124	131	73	121	152	74
124	131	81
163	172	95	159	198	97
163	172	106
215	229	124	209	260	126
215	228	139
273	294	157	266	332	159
273	292	175
347	374	196	338	420	199
347	372	220


6	6	4	6	8	4
7	7	4
17	17	10	17	21	10
17	17	11
33	33	20	32	40	20
33	33	21
55	56	33	54	67	33
55	56	36
80	81	47	78	97	48
80	82	52
113	115	66	111	137	66
113	116	72
152	157	88	149	184	88
153	157	96
199	208	115	194	242	116
199	208	127
257	269	146	251	310	148
257	269	163
328	347	187	320	397	190
328	345	209
414	441	234	403	500	238
414	437	262


7	7	4	7	9	4
8	7	5
19	19	12	19	24	12
20	19	13
35	35	22	34	44	22
35	35	23
57	58	35	56	72	35
57	58	38
87	89	53	86	109	53
88	90	57
124	127	74	121	153	74
124	127	81
168	174	100	165	207	100
170	174	110
226	235	133	222	279	134
228	236	147
298	310	173	292	364	175
299	310	191
381	400	219	373	466	222
382	398	242
480	508	274	470	587	277
482	506	304


9	9	6	9	11	6
9	9	6
22	22	14	22	28	14
22	22	15
42	43	27	42	53	27
43	43	29
66	67	41	65	83	41
66	67	44
96	98	59	95	120	60
97	98	64
136	139	83	134	168	84
137	139	90
189	195	116	186	235	116
190	195	125
252	261	153	247	312	154
253	261	166
329	343	197	323	407	199
330	344	216
418	440	248	410	517	250
420	439	272
526	556	309	515	647	312
527	555	340


10	10	7	10	13	7
10	10	7
25	25	17	25	32	17
25	25	18
45	45	30	44	57	30
45	45	32
73	74	48	72	93	48
74	74	51
108	110	70	107	138	70
109	111	75
151	155	96	149	191	97
153	156	104
211	216	132	208	264	133
213	218	144
282	292	176	278	353	177
285	294	191
363	378	225	357	453	227
367	382	245
457	481	282	449	571	283
461	483	307
576	607	350	565	716	353
581	610	383


11	11	7	11	14	7
11	11	8
28	27	18	28	35	18
28	28	19
51	50	33	50	63	33
51	50	35
81	80	52	80	101	52
81	81	56
118	118	77	117	147	77
119	119	82
168	170	108	166	210	109
169	171	116
227	231	146	224	285	146
229	232	155
305	312	193	301	381	194
308	314	208
398	410	249	392	497	250
401	412	268
502	523	313	494	628	313
507	524	338
638	666	392	627	794	393
643	668	424


12	12	8	12	16	8
12	12	9
29	28	20	29	37	20
29	29	21
52	51	35	51	67	35
52	52	37
86	85	56	85	109	56
86	86	60
130	130	85	128	164	85
131	132	91
183	183	118	180	230	118
185	186	127
247	250	159	243	312	159
249	253	171
325	332	207	321	410	208
329	336	223
428	438	269	422	537	270
432	442	288
541	557	338	533	676	339
546	561	362
679	704	419	667	845	420
684	707	450


13	12	9	12	16	9
13	12	9
32	31	22	32	40	22
32	31	23
58	56	39	57	73	39
59	57	41
90	88	60	89	114	60
91	90	64
134	133	90	133	170	89
136	134	95
191	191	127	189	241	126
193	193	135
259	260	170	256	325	170
262	262	181
344	347	224	339	429	224
347	349	239
446	453	288	439	558	288
450	457	307
567	582	362	558	710	362
572	585	387
707	732	449	696	886	449
713	735	481


13	13	9	13	17	9
13	13	10
33	32	23	32	41	23
33	32	24
58	57	41	57	74	41
59	58	44
93	91	64	92	118	64
94	92	68
140	137	95	139	175	95
142	139	101
201	197	134	198	250	134
203	200	143
278	277	186	274	349	185
281	280	197
365	367	242	361	458	242
370	371	257
475	482	312	468	597	312
481	487	332
605	617	392	596	757	392
611	622	418
762	782	490	751	952	490
769	788	523

