
0	0	0	0	0	0
0	0	0
0	0	0	0	0	0
0	0	0
1	1	0	1	1	0
1	1	0
2	2	1	2	3	1
2	2	1
3	4	2	3	4	2
3	4	2
5	6	3	5	7	3
5	6	4
8	9	4	7	10	4
7	9	5
11	13	6	10	13	6
10	12	7
15	18	9	14	18	9
14	17	10
19	23	11	18	23	11
18	21	13


1	1	0	1	1	0
1	1	0
2	2	1	2	3	1
2	2	1
4	5	3	4	6	2
4	5	3
7	9	4	7	9	4
7	8	5
11	14	7	11	15	7
11	13	8
17	20	10	16	21	10
16	18	11
23	27	14	22	29	14
22	26	16
32	38	19	31	39	19
31	36	22
42	50	25	40	51	26
41	47	29
55	65	33	52	66	34
53	61	38


2	2	1	2	2	1
2	2	1
5	5	3	5	6	3
5	5	3
9	10	5	9	11	5
9	10	6
14	17	9	14	18	9
14	16	10
22	25	14	21	27	14
22	24	15
32	37	20	30	40	20
31	36	22
43	51	27	42	55	27
43	50	30
58	69	37	56	74	37
58	67	41
75	88	47	72	94	47
74	86	53
96	113	60	92	120	61
94	110	68


3	3	2	3	4	2
3	3	2
7	8	5	7	9	5
7	8	5
13	15	8	13	17	9
13	14	9
21	23	13	20	26	13
21	23	14
31	35	20	31	40	20
31	35	22
45	51	28	44	57	28
45	51	31
63	72	39	61	78	40
62	71	44
84	97	52	81	105	53
83	95	59
110	128	69	106	138	70
110	126	78
143	167	88	137	177	89
142	163	101


4	4	2	4	5	2
4	4	2
10	10	6	10	12	6
10	10	6
18	19	11	17	22	11
18	19	12
28	30	17	28	35	17
28	30	19
43	47	26	42	54	26
43	47	29
62	69	38	60	77	39
62	68	43
86	97	53	84	109	54
86	97	60
115	130	71	112	145	72
115	129	79
152	173	95	147	191	95
152	171	105
192	220	120	186	240	121
191	217	133


5	5	3	5	6	3
5	5	3
13	14	8	12	17	8
13	14	9
22	24	14	21	29	14
22	24	16
36	40	23	35	47	23
36	40	26
54	59	35	53	70	35
54	59	38
76	84	49	74	97	49
77	84	53
104	116	67	101	133	67
105	115	73
138	154	88	134	175	88
138	153	96
179	203	113	174	227	114
179	200	125
233	264	146	226	292	147
232	260	161


5	6	3	5	7	3
5	6	4
14	15	10	14	18	9
14	15	10
26	28	17	25	33	17
26	28	19
42	46	29	42	55	28
43	46	31
61	67	41	60	79	41
62	67	44
88	97	58	86	113	58
88	96	63
121	134	80	119	156	79
122	134	86
162	179	105	158	206	105
162	179	115
213	238	137	208	271	137
214	237	150
273	306	174	266	345	175
274	304	191


6	7	4	6	9	4
6	7	4
16	17	11	16	22	11
17	18	11
30	32	20	29	39	20
31	32	21
49	53	32	48	64	32
50	54	35
72	78	48	71	93	48
73	78	52
104	111	67	101	132	68
105	112	74
142	153	92	139	180	92
143	154	101
190	207	121	186	241	122
191	208	134
249	273	157	243	313	158
250	272	173
315	348	199	307	395	200
317	347	219


8	9	6	8	11	6
8	9	6
19	20	14	19	25	14
19	20	14
35	36	24	34	45	24
35	37	26
55	58	38	54	71	38
56	59	41
83	89	57	82	107	57
84	90	61
117	125	79	114	149	78
118	126	84
159	170	106	156	203	106
161	172	114
211	229	140	206	269	141
213	230	152
276	301	182	270	352	183
278	301	197
353	388	230	345	450	231
356	389	251


9	9	6	9	12	6
10	9	7
22	22	15	22	29	15
22	23	16
38	40	26	38	50	26
39	40	28
63	65	43	62	81	43
64	66	46
96	101	65	94	123	65
97	102	70
134	142	91	132	173	91
136	143	97
182	195	122	179	235	122
185	197	132
243	260	161	238	310	161
245	262	173
318	343	209	312	405	208
321	345	225
402	435	263	394	510	263
406	438	284


10	9	6	10	12	6
10	10	7
24	24	16	24	31	16
24	24	17
44	44	29	43	55	29
44	44	31
69	71	47	68	89	47
70	72	50
106	110	71	105	136	71
107	111	76
149	155	99	146	191	99
150	156	106
199	210	134	196	256	134
200	211	143
264	281	176	260	339	176
266	282	188
343	368	227	337	441	227
345	368	243
437	472	287	429	561	288
441	472	309


12	12	8	12	15	8
12	12	9
28	28	20	28	36	20
28	28	21
49	49	34	48	63	34
50	50	36
77	78	54	77	98	54
79	78	56
114	116	79	113	145	79
116	117	83
162	165	110	160	206	110
164	167	117
219	227	148	216	280	148
222	229	158
289	304	195	286	372	195
294	306	208
377	399	252	371	482	252
382	402	270
478	510	317	470	610	317
484	512	341


11	11	8	11	15	8
11	11	8
27	27	19	27	35	19
27	27	20
50	49	35	49	64	35
50	50	37
79	79	54	78	101	54
80	80	58
120	122	82	119	154	82
122	123	88
170	175	117	168	220	117
172	177	124
231	239	156	228	298	156
234	242	168
310	325	208	306	400	209
315	327	224
398	420	267	392	512	267
404	423	286
506	539	337	499	650	338
514	543	364

